name: "Manege"
latitude: 52.3785959
longitude: 5.281051100000013
radius: 300
